generation,id,novelty,fitness,species,parent1,parent2,num_nodes,num_connections,num_enabled_connections,num_disabled_connections
0,33,0.7212207317352295,63.693338892345956,1,-1,-1,2,12,12,0
1,211,0.7297667264938354,67.34105443576337,2,87,65,2,11,11,0
2,422,0.7289547920227051,110.24754890925956,5,19,65,1,3,3,0
3,511,0.7215332388877869,65.51609614561934,1,204,448,2,7,6,1
4,747,0.7196071743965149,68.13216757242802,1,65,343,3,14,13,1
5,846,0.7444800734519958,64.27571200482541,1,708,736,2,12,12,0
6,988,0.7260087728500366,65.89248157463595,1,834,585,2,10,10,0
7,1176,0.7323189973831177,61.25331976991542,1,736,238,1,7,7,0
8,1215,0.7111900448799133,104.57280515226907,1,1002,544,1,4,4,0
9,1364,0.7044785022735596,66.19709030616545,3,211,349,2,10,10,0
10,1586,0.6944295763969421,54.26988201327343,2,1222,944,2,13,13,0
11,1775,0.6989770531654358,45.089709478373116,4,263,504,2,10,8,2
12,1886,0.6975710391998291,39.71029700166734,2,295,448,3,13,11,2
13,1975,0.6932182908058167,44.98213556523861,5,377,1593,2,10,10,0
14,2211,0.6930643916130066,60.00739079772592,5,377,1509,2,12,12,0
15,2373,0.6954922676086426,52.5973301735988,4,684,1291,2,7,5,2
16,2516,0.6940427422523499,42.250524518021834,2,94,55,2,9,9,0
17,2623,0.6921527981758118,45.9472745633266,5,1291,684,1,7,7,0
18,2762,0.6919878125190735,42.267389910037025,2,2588,2571,2,9,9,0
19,2994,0.69016432762146,42.38547409358938,5,2505,759,3,14,13,1
20,3135,0.6888646483421326,41.49016537278025,5,2787,2373,3,13,12,1
21,3159,0.6855849623680115,50.71322852293316,3,2855,1886,1,5,5,0
22,3369,0.687258780002594,39.66126584252017,5,2762,499,2,11,11,0
23,3530,0.6864230632781982,45.2319350524583,5,2712,2418,1,6,5,1
24,3735,0.6835209727287292,40.55754108728217,3,2372,3322,2,7,6,1
25,3819,0.6817238330841064,45.95687423692961,3,696,3593,3,10,8,2
26,4012,0.682452917098999,51.584648904617914,1,2722,2164,2,12,10,2
27,4198,0.6790984272956848,41.37563304069434,3,1862,3135,1,6,6,0
28,4279,0.6780194640159607,41.30010965331589,1,2441,2757,3,12,11,1
29,4474,0.677813708782196,39.713377423106216,5,3921,3539,2,11,11,0
30,4574,0.6774072647094727,45.08733822698164,1,2245,3819,1,6,6,0
31,4765,0.6715047359466553,49.76918431686686,4,3159,3159,2,8,7,1
32,4860,0.6753873825073242,39.646471818897446,4,4074,2994,2,7,7,0
33,4994,0.6731619834899902,39.67778814361944,4,4067,4891,1,5,5,0
34,5121,0.6712865233421326,49.80250101076651,1,186,3739,1,5,5,0
35,5379,0.670910656452179,48.8441420464842,5,4416,4347,4,13,10,3
36,5498,0.6694146990776062,56.260995558109514,3,4626,5080,4,12,11,1
37,5675,0.6700188517570496,41.50100389622584,5,465,2623,4,16,14,2
38,5757,0.6703815460205078,42.31468660313693,5,504,5236,1,6,3,3
39,5878,0.6674814820289612,43.33185270531703,5,1291,5080,1,5,5,0
40,6046,0.666892409324646,43.311844495563165,2,1213,3986,1,4,4,0
41,6181,0.6655994057655334,37.75378908920892,2,5878,5711,1,6,6,0
42,6306,0.6650000810623169,39.3889664814299,1,2441,3539,1,5,5,0
43,6529,0.6636441349983215,37.67518539314868,5,5121,4574,2,6,5,1
44,6689,0.6621412634849548,42.22370553949142,4,4891,2722,1,6,6,0
45,6795,0.6612759828567505,46.02036046079472,1,6306,178,2,8,7,1
46,6989,0.6602485775947571,42.23341756703759,4,6795,6609,1,6,5,1
47,7162,0.6589241623878479,47.00788229760512,5,5675,6415,1,4,4,0
48,7223,0.6580365896224976,39.40231958176558,4,5661,6233,2,6,5,1
49,7478,0.6573283076286316,43.372060714230955,4,5661,3159,1,6,6,0
50,7533,0.6557411551475525,48.02516375451505,5,883,6046,2,8,8,0
51,7776,0.6543750762939453,41.26103055737574,4,2722,6413,1,5,4,1
52,7896,0.652651309967041,41.50958604305823,3,6689,465,1,6,6,0
53,8056,0.6531781554222107,39.60621955615285,2,54,3135,1,4,4,0
54,8189,0.6501138210296631,41.48000559081671,2,7109,7994,3,13,11,2
55,8296,0.6466778516769409,39.498666401630025,1,6306,3369,2,9,8,1
56,8533,0.6485764980316162,46.03061155486621,4,7971,6306,1,5,5,0
57,8606,0.6470426321029663,44.190761259629184,3,3921,2623,3,11,10,1
58,8800,0.645251452922821,52.47537502534858,4,8606,2722,1,6,6,0
59,8854,0.6453329920768738,45.18187411820699,5,3135,6529,1,6,6,0
60,9049,0.6450881958007812,81.13353945050494,5,3438,8190,2,7,5,2
61,9292,0.6428021192550659,47.98299899300945,4,2762,8625,2,12,11,1
62,9329,0.6409438848495483,53.65435041036392,3,7476,7478,1,5,5,0
63,9480,0.6392072439193726,36.812762958561606,2,2623,4574,2,8,7,1
64,9713,0.6420663595199585,65.14841690282496,1,6108,4448,2,10,10,0
65,9784,0.637283205986023,39.6690238834193,1,1291,6596,2,8,7,1
66,10006,0.6361365914344788,49.89240413402325,2,8885,5080,1,6,5,1
67,10093,0.6350372433662415,44.136079668146294,4,2952,8189,2,5,3,2
68,10223,0.634732723236084,45.15586440718031,5,8855,8855,2,9,8,1
69,10421,0.6687719821929932,76.01086082064232,4,7956,9671,1,5,4,1
70,10607,0.6311575770378113,39.51361193973623,5,9171,7223,1,4,3,1
71,10665,0.6297202110290527,38.750304405337786,2,8076,10006,2,11,6,5
72,10886,0.6302955746650696,45.1341078498509,5,3819,8625,1,6,6,0
73,11070,0.6827560663223267,63.14486300789487,1,10611,9329,1,6,4,2
74,11215,0.6275602579116821,43.17424053481959,5,9171,7471,2,8,8,0
75,11265,0.7123281359672546,79.63431691015693,2,10912,9878,3,16,12,4
76,11413,0.6568326354026794,72.55108763516546,1,3925,11047,1,5,5,0
77,11564,0.6240590214729309,71.76142936414416,3,10461,10951,1,6,6,0
78,11747,0.6341302394866943,73.68293667044998,1,8845,9590,1,5,5,0
79,11971,0.6484211683273315,64.27518129892476,3,8285,10581,2,8,7,1
80,12039,0.7004316449165344,64.16272455311382,5,10303,10605,2,7,6,1
81,12219,0.6378253102302551,78.03438425686474,1,9018,11390,3,12,10,2
82,12399,0.7563655972480774,94.31375169288104,3,4742,11047,2,7,6,1
83,12543,0.689677357673645,96.46729043081515,1,7201,10303,2,7,6,1
84,12690,0.7712029218673706,57.42795671710864,3,12544,6540,2,7,6,1
85,12808,0.8375874757766724,60.33145359668468,4,10410,5954,1,7,7,0
86,12940,0.7736228108406067,58.34605756054134,4,12322,4299,2,7,6,1
87,13157,0.6841043829917908,55.370140595858594,2,6312,10421,1,7,7,0
88,13206,0.7020453810691833,63.164289445989404,3,9951,10605,1,4,4,0
89,13364,0.7327370047569275,85.41743100532301,1,11808,7478,1,7,7,0
90,13584,0.6833786964416504,61.52123344811696,5,12690,11070,1,3,2,1
91,13747,0.6100742220878601,78.25280623618116,1,10675,10605,2,7,6,1
92,13950,0.7291452288627625,133.18097917251188,4,12441,13368,1,7,7,0
93,14036,0.7566287517547607,76.54824282953162,3,13322,10605,1,5,4,1
94,14151,0.7693838477134705,60.51133697995368,5,13485,13808,1,5,4,1
95,14321,0.7286901473999023,94.7703198916244,1,11760,9878,2,8,6,2
96,14513,0.9252889156341553,61.98196703860272,5,8256,12725,2,9,8,1
97,14623,0.8014516234397888,69.87540209977084,2,12543,13584,2,9,6,3
98,14802,0.8333823084831238,66.7063301765998,4,12731,14607,1,8,5,3
99,14878,0.8953191637992859,65.80337306979456,2,12535,12078,1,5,4,1
100,15053,0.7613181471824646,61.70435454866591,1,12429,12725,2,8,7,1
101,15168,0.7663177847862244,76.8358542899975,1,12322,10605,1,5,5,0
102,15311,0.7632911205291748,62.32595437653136,4,6586,14120,2,5,4,1
103,15588,0.9297853708267212,99.54815751982872,1,12372,13579,1,5,4,1
104,15665,0.9501035809516907,56.232110372522186,2,8062,12399,1,3,3,0
105,15801,0.8416305780410767,58.51988941215586,5,14151,14151,1,5,5,0
106,15934,0.8121699094772339,93.54319418275335,1,12078,12832,1,5,5,0
107,16078,0.8805621266365051,92.57948799252964,1,4667,12279,1,4,4,0
108,16279,0.8430768847465515,79.16262516623604,1,10267,16191,2,6,5,1
109,16368,0.8010558485984802,84.5391257705184,2,12279,10605,1,6,5,1
110,16580,0.953194260597229,92.66163328268802,3,10267,16074,1,4,4,0
111,16696,1.0163441896438599,85.93956101448258,4,16191,15699,3,11,9,2
112,16927,0.9483075141906738,95.388872674395,4,11938,15601,1,6,6,0
113,17083,0.9535531401634216,61.572741836511135,3,13833,12444,1,3,3,0
114,17156,0.9021731615066528,64.98706462931523,5,10605,14897,1,5,4,1
115,17285,0.854637861251831,123.135308112126,4,14367,15801,2,7,6,1
116,17514,0.9726237654685974,71.62587073004379,2,11413,15847,1,4,4,0
117,17555,1.0669020414352417,80.67636054432423,2,17217,16104,2,7,6,1
118,17847,0.9647701382637024,76.89277758704462,1,15751,9049,1,5,4,1
119,17869,0.9795951247215271,59.409385901226756,1,15300,12725,1,3,3,0
120,18068,0.9206191301345825,85.53710632474696,1,15595,17007,2,5,4,1
121,18240,1.1396033763885498,72.30156542709102,2,15847,12690,2,7,6,1
122,18433,0.9713534116744995,71.36463236746246,2,12973,5536,1,5,5,0
123,18567,0.9909752011299133,62.236646081044114,4,17217,17241,2,8,7,1
124,18717,1.0686283111572266,83.47280545443036,1,15968,17642,2,7,7,0
125,18774,1.0165661573410034,84.39994613051101,4,9018,16567,1,6,6,0
126,18994,1.0017248392105103,60.65068473675704,4,15905,17555,1,7,7,0
127,19060,1.03501558303833,94.47723470045575,3,17614,15379,1,5,5,0
128,19266,0.943767786026001,79.09204679948243,4,16327,13838,2,6,5,1
129,19450,1.061618447303772,90.47429175613203,3,17642,12832,1,6,5,1
130,19528,1.0099536180496216,139.46756535471152,3,12125,19026,2,8,7,1
131,19685,1.209492564201355,76.69362271211449,4,11428,5263,1,5,4,1
132,19925,0.9834589958190918,80.8653191246877,5,16761,16327,1,6,5,1
133,19974,1.2935467958450317,64.23955832285081,3,11428,15681,1,4,4,0
134,20211,1.2604881525039673,130.11197383417414,3,14470,18382,2,8,7,1
135,20268,1.1642831563949585,84.56178907078444,2,14802,18068,1,3,3,0
136,20544,1.201045274734497,55.7815523081281,4,12966,15732,1,5,4,1
137,20630,1.1414785385131836,74.98744614910815,4,14605,17514,1,3,3,0
138,20794,1.1369593143463135,59.48602201344065,2,15790,18717,1,5,5,0
139,20914,1.340674877166748,58.4089699262445,2,17005,12125,2,9,8,1
140,21020,1.1901865005493164,60.61830130911407,1,15595,9018,1,5,5,0
141,21156,1.2228578329086304,67.95561348988724,4,9116,15681,1,8,8,0
142,21392,1.3022469282150269,58.38292776954114,2,21048,19903,1,7,6,1
143,21585,1.384863018989563,68.46065078586479,4,18947,19731,1,3,3,0
144,21682,1.4709261655807495,63.91954738629285,4,20271,12039,1,7,7,0
145,21781,1.3631374835968018,91.62281739680212,4,15681,17869,1,4,4,0
146,21958,1.4372363090515137,63.59090192587094,5,21091,21682,1,6,6,0
147,22133,1.2354811429977417,89.58653905038793,1,21293,17007,2,8,8,0
148,22249,1.379067301750183,81.84378709050196,2,21617,17642,1,5,5,0
149,22392,1.3693255186080933,64.95132049123876,1,11456,21484,2,7,6,1
150,22570,1.1856502294540405,84.25927011991878,5,12592,21020,1,6,5,1
151,22777,1.4482604265213013,62.17474052961925,1,15595,17992,2,7,7,0
152,22950,1.4839757680892944,84.23826119971307,2,14367,12341,1,5,5,0
153,23024,1.3640602827072144,64.89131016195206,3,12119,21958,2,9,8,1
154,23199,1.3082246780395508,92.62226714408206,3,18717,21630,2,6,6,0
155,23370,1.3408458232879639,58.609678049725495,5,19671,21392,2,5,4,1
156,23505,1.181715726852417,101.7525557625966,3,19450,16727,1,6,6,0
157,23556,1.4103180170059204,87.97540230195926,3,17642,18240,1,5,5,0
158,23805,1.371883511543274,55.184315863861926,4,20161,20007,1,4,4,0
159,23986,1.4123382568359375,71.36078982625097,1,19060,14878,1,4,4,0
160,24023,1.2693756818771362,63.07601960870371,4,20426,16104,2,5,4,1
161,24244,1.4334601163864136,73.07718731078299,1,15595,12078,1,4,4,0
162,24365,1.4691671133041382,85.20947103286973,1,21860,17007,1,7,7,0
163,24525,1.3473351001739502,58.39819667664337,5,22153,21947,1,2,2,0
164,24633,1.2825390100479126,65.92633275517963,2,12690,17555,2,7,6,1
165,24759,1.4160603284835815,63.24146490118998,1,21392,20007,1,3,3,0
166,24987,1.4508200883865356,86.22528721029305,5,21860,21293,2,10,10,0
167,25179,1.430702805519104,64.07872972556262,2,21663,20630,1,4,4,0
168,25207,1.4600034952163696,87.95850971262318,5,21860,23556,1,4,4,0
169,25397,1.4811545610427856,70.60720333857793,3,16104,11456,2,6,3,3
170,25555,1.630600094795227,85.1241527061812,2,24365,24356,1,5,5,0
171,25735,1.3219197988510132,89.7077699120949,5,13471,25305,2,6,5,1
172,25861,1.435631275177002,75.94280099845433,4,19903,17599,2,7,6,1
173,26077,1.6026370525360107,75.85454017163563,4,9878,21336,1,5,5,0
174,26101,1.4942179918289185,88.00099157740469,2,25397,23556,1,4,4,0
175,26382,1.5799683332443237,88.71533739137105,3,19545,19732,1,4,4,0
176,26498,1.438157320022583,86.29535305541634,2,11070,23556,2,6,6,0
177,26696,1.492161512374878,88.81830722382891,5,25207,17869,1,7,7,0
178,26821,1.6149990558624268,72.44247441483756,1,16435,16078,1,6,6,0
179,26956,1.5437169075012207,81.82449736528523,5,20268,21617,1,4,4,0
180,27002,1.5693422555923462,58.357397146136144,2,20211,16696,1,5,5,0
181,27173,1.3271923065185547,80.87038213322447,1,15601,18240,2,8,7,1
182,27435,1.5368106365203857,83.52068125186608,3,25179,22249,1,7,6,1
183,27551,1.7865235805511475,71.02009452535329,3,15601,25179,1,3,3,0
184,27605,1.4759570360183716,88.00099157740469,5,26101,26101,1,2,2,0
185,27838,1.2944796085357666,80.90631057386648,5,21860,25397,1,4,3,1
186,27964,1.6059486865997314,84.32265756223934,3,21392,15601,1,5,5,0
187,28183,1.4369062185287476,67.80078760007663,2,24004,26390,1,4,4,0
188,28291,1.3034398555755615,57.77996331145481,1,12372,22036,1,6,4,2
189,28482,1.3990395069122314,54.709970268105145,1,20544,23986,1,4,3,1
190,28633,1.29468834400177,96.50642748730426,2,16810,16696,1,4,2,2
191,28795,1.3708479404449463,87.04386787407233,5,24365,24365,1,5,5,0
192,28895,1.3255195617675781,84.56362056806738,1,25555,21630,2,8,7,1
193,29084,1.5554581880569458,58.342800960988896,3,24356,15601,1,3,3,0
194,29239,1.4495830535888672,82.70197881868502,4,27159,21860,1,6,5,1
195,29313,1.7483530044555664,58.239458854419034,5,20914,18240,1,5,5,0
196,29520,1.4244451522827148,88.02589200821077,5,27605,22836,1,5,3,2
197,29690,1.417861819267273,85.42344668292704,4,29375,20268,1,4,4,0
198,29808,1.429762840270996,97.96692613149722,3,25207,26101,1,4,3,1
199,29936,1.3882665634155273,85.28996523068054,4,29832,29375,2,6,5,1
200,30020,1.6035356521606445,73.36083013649116,5,27935,21630,1,4,4,0
201,30169,1.4849001169204712,57.806151688523755,1,22557,28388,2,8,7,1
202,30332,1.2667369842529297,84.31115188516449,5,29239,29375,1,5,5,0
203,30487,1.424414038658142,74.92184626584677,4,17267,26077,1,6,6,0
204,30606,1.493830680847168,60.32802735994409,4,30020,19732,1,5,4,1
205,30894,1.451770305633545,88.056827552579,4,22836,29690,1,8,8,0
206,30932,1.348044514656067,77.08478541395291,2,24138,12690,1,5,5,0
207,31150,1.4622366428375244,75.79748446507466,3,21663,18717,2,7,6,1
208,31339,1.4001507759094238,64.0490734003181,3,26400,16104,1,6,6,0
209,31398,1.4679794311523438,61.15016126543956,2,18382,20211,2,7,7,0
210,31635,1.457376480102539,88.04540524000497,3,23556,12690,1,4,4,0
211,31664,1.5192465782165527,83.44052091271904,1,22249,27605,1,5,5,0
212,31925,1.427722454071045,63.00157404598362,2,15665,20211,2,6,5,1
213,31959,1.4457180500030518,66.01393932642127,3,17241,22392,1,5,5,0
214,32184,1.4503271579742432,79.75461421593482,2,14265,19732,1,5,5,0
215,32396,1.1374127864837646,71.50712331053302,4,28716,21170,1,4,4,0
216,32494,1.387079119682312,60.16275515609722,2,20056,30020,2,5,4,1
217,32695,1.448459506034851,85.25369493529557,1,11070,25207,2,5,4,1
218,32704,1.5884699821472168,58.30210926192168,2,28120,25355,1,3,3,0
219,32919,1.5137672424316406,59.28839168655031,2,27002,32184,1,5,5,0
220,33137,1.4642401933670044,87.97682391361785,3,30894,30606,1,4,4,0
221,33226,1.3160284757614136,65.12231573352358,1,20914,29006,1,3,3,0
222,33336,1.506284236907959,85.15645330348832,3,31664,25305,1,5,3,2
223,33590,1.2978127002716064,75.98475017609694,3,21585,21617,2,8,7,1
224,33642,1.5592894554138184,85.1241527061812,3,25555,24365,1,4,4,0
225,33866,1.3893715143203735,57.2833116528048,2,19903,12725,1,3,2,1
226,33982,1.5866419076919556,58.265207762355566,2,25389,30261,1,4,4,0
227,34146,1.5457836389541626,59.174709020996985,2,17992,29313,1,4,4,0
228,34294,1.3537288904190063,59.39687983761712,2,14367,24356,1,8,8,0
229,34483,1.5086010694503784,56.540555645715656,1,27551,12690,1,3,3,0
230,34544,1.3134832382202148,56.29858564226824,2,18808,26821,1,6,6,0
231,34662,1.3350741863250732,87.19755821594602,2,22836,21585,2,8,7,1
232,34919,1.367233395576477,57.608940473849074,2,28619,24580,1,5,5,0
233,35095,1.424734354019165,85.19235817590229,3,31467,32695,1,4,3,1
234,35189,1.3477989435195923,85.41651534000145,4,30894,30894,1,4,3,1
235,35396,1.1914623975753784,85.95916683869396,3,25555,31150,1,5,5,0
236,35409,1.3724957704544067,59.446042567961264,5,30606,30020,1,4,4,0
237,35595,1.1396371126174927,77.86738502871948,4,24632,21682,1,2,2,0
238,35811,1.3475167751312256,88.86535482057533,1,26956,29006,1,5,5,0
239,35874,1.2047040462493896,53.24944860699829,4,29523,26821,1,4,3,1
240,36056,1.162358045578003,79.73669753033917,3,32695,33336,1,5,5,0
241,36264,1.3500467538833618,86.33843189453435,3,25207,22376,1,4,3,1
242,36344,1.437700867652893,73.48027952852294,2,29213,25555,1,5,4,1
243,36479,1.2161036729812622,90.37196126602608,3,24365,33137,1,5,5,0
244,36641,1.3063348531723022,85.40122030826674,3,10421,36264,1,3,3,0
245,36843,1.3574702739715576,88.0000045848029,5,26101,12690,1,3,3,0
246,36953,1.2762904167175293,61.458702900110325,5,36204,31959,3,7,4,3
247,37051,1.3258552551269531,82.72967560174683,1,31467,30894,1,9,9,0
248,37211,1.3923277854919434,59.65494487599544,2,35808,22950,1,4,4,0
249,37457,1.4543622732162476,64.95764860823942,5,22777,25397,2,4,4,0
250,37636,1.2408006191253662,90.70302136238286,2,27605,33137,1,5,5,0
251,37724,1.1969283819198608,74.65447972685422,2,26101,33982,1,7,7,0
252,37848,1.2422044277191162,87.2538041297557,5,28501,35110,1,6,6,0
253,38092,1.1814165115356445,89.75297398742372,3,33982,32695,1,6,5,1
254,38152,1.2830015420913696,85.11094189823596,5,23986,32595,2,7,5,2
255,38340,1.3287321329116821,57.371964366387864,1,29313,32704,2,7,6,1
256,38532,1.3845783472061157,71.98212521158058,5,27131,15665,2,5,5,0
257,38569,1.1687074899673462,63.85530795884286,1,21484,21958,1,9,9,0
258,38729,1.35830819606781,58.54293786398929,2,17992,18240,1,6,6,0
259,38903,1.4401766061782837,95.38565667776629,1,30550,18690,1,5,4,1
260,39016,1.0721937417984009,75.00790208494516,2,29239,23556,1,3,3,0
261,39175,1.393354058265686,84.37000905380647,2,33642,14878,1,4,4,0
262,39320,1.3737412691116333,85.15645330348832,4,33336,33336,1,4,3,1
263,39549,1.2977113723754883,88.00099157740469,4,32595,27605,1,8,8,0
264,39726,1.2384220361709595,84.47278354132393,3,26101,33058,1,4,3,1
265,39858,1.3479233980178833,73.47089642181443,4,38340,17555,1,3,3,0
266,39913,1.1242913007736206,80.92560913584296,5,33642,37457,1,7,7,0
267,40065,1.3586913347244263,75.99259487673804,1,21958,20211,1,3,3,0
268,40219,1.0636030435562134,61.97058633180886,1,31183,31280,1,5,5,0
269,40389,1.347531795501709,62.965695978891816,1,32704,20007,1,4,4,0
270,40615,1.094825029373169,82.79623779032818,1,23556,27551,2,11,10,1
271,40747,1.3023849725723267,88.02242869081411,4,23556,27435,1,3,1,2
272,40803,1.2256195545196533,52.92856614796331,5,38901,18240,2,5,4,1
273,40955,1.1441811323165894,72.53487638844537,4,28020,32508,1,4,4,0
274,41228,1.3270161151885986,65.74274566309899,1,35110,36408,1,3,3,0
275,41316,1.2642933130264282,83.59500003159987,3,21652,33058,1,6,6,0
276,41419,1.2429111003875732,62.21909727608262,1,36145,31183,1,3,3,0
277,41646,1.2624000310897827,90.13038832908367,2,25747,24004,1,3,3,0
278,41810,1.2604868412017822,88.95418540487363,3,39549,31635,1,6,5,1
279,41950,1.2506206035614014,88.87039826141749,4,27605,16696,2,8,7,1
280,42084,1.2836178541183472,88.83529006641197,5,39320,35409,1,7,7,0
281,42255,1.1764233112335205,88.91233548138256,3,26956,33137,1,5,5,0
282,42378,1.2316687107086182,84.58914619778156,1,32595,26821,1,9,7,2
283,42473,1.374870777130127,85.60588076951245,4,26077,24365,1,7,6,1
284,42662,1.1920888423919678,84.22083602645938,2,41667,26250,2,11,10,1
285,42801,1.2491039037704468,82.70864332017901,4,26956,31664,2,10,9,1
286,42997,1.3550382852554321,85.07078309228584,4,38532,33642,1,4,4,0
287,43096,1.0040428638458252,76.29426934331755,1,13838,27964,1,3,3,0
288,43293,1.0862431526184082,59.384091263033135,1,10421,32704,1,7,7,0
289,43355,1.1306755542755127,88.17392940718246,3,33642,26101,1,5,5,0
290,43542,1.564151644706726,71.84888806858628,2,20914,18240,1,5,5,0
291,43800,1.2230002880096436,84.36534008906128,5,25555,30169,1,6,5,1
292,43880,1.4942312240600586,73.11356304982299,3,41741,38729,1,3,3,0
293,43982,1.3115870952606201,63.8435764818811,4,41228,27551,2,12,11,1
294,44150,1.2153536081314087,86.08496396729373,3,21392,35095,2,7,5,2
295,44382,1.2868742942810059,58.34698935240717,4,18382,30169,2,10,9,1
296,44437,1.2041971683502197,71.04247160409466,1,44097,27002,1,4,4,0
297,44575,1.1407917737960815,94.32847685990916,3,32695,12808,1,4,4,0
298,44785,1.04198157787323,72.64220362217455,5,27002,22777,1,8,8,0
299,44993,1.0614814758300781,73.39223187981698,5,44068,36931,1,4,4,0
300,45054,0.9689828157424927,89.23569930433129,1,27131,36843,1,5,5,0
301,45166,1.3141112327575684,67.73550433082357,3,16696,14878,1,5,4,1
302,45421,1.0611239671707153,61.26417417165726,1,32184,22950,1,8,8,0
303,45578,1.177479863166809,63.74848817244432,1,35605,21392,1,4,4,0
304,45724,1.1675894260406494,73.89617747441804,1,31280,31280,1,5,3,2
305,45875,0.9466970562934875,88.95293931535278,3,19685,31664,1,4,3,1
306,46037,1.021968126296997,84.58115630652676,3,39549,21663,1,7,6,1
307,46176,0.9916286468505859,63.12350318256555,2,35605,16435,1,5,5,0
308,46243,1.0682578086853027,92.69747912226087,4,12690,12690,1,6,6,0
309,46464,1.1178292036056519,72.54944839628246,4,32876,37457,1,8,8,0
310,46552,1.1183620691299438,85.11792160953671,5,12341,39175,1,6,6,0
311,46686,1.1763795614242554,87.140259223916,5,33137,44150,1,5,5,0
312,46935,1.0500017404556274,68.67032056377545,1,21170,43847,1,5,5,0
313,47013,1.1130692958831787,68.4073432557215,1,16567,36408,2,9,8,1
314,47231,1.1568961143493652,59.325310310500264,5,33606,40141,1,6,6,0
315,47339,1.1614441871643066,87.140259223916,5,46686,46686,1,7,7,0
316,47451,1.2595694065093994,58.41809318560409,4,43721,21392,1,3,3,0
317,47653,1.043433427810669,85.30594063335185,4,23556,27551,1,3,3,0
318,47798,0.9899646043777466,89.64749651360863,1,42801,38729,2,5,4,1
319,47879,1.045892357826233,59.418273481632845,5,10605,39323,1,5,4,1
320,48100,1.0982085466384888,87.21276046100498,3,36406,37457,1,8,8,0
321,48278,1.099989891052246,88.14637317189177,4,36406,46686,2,8,7,1
322,48302,1.107359766960144,82.70864332017901,4,42801,21585,1,9,9,0
323,48460,1.066907286643982,61.380950828422655,2,26382,30020,1,6,6,0
324,48733,1.0174334049224854,63.2498835183315,4,43821,30169,2,8,6,2
325,48797,1.0465267896652222,54.89477196208759,2,32876,27551,1,8,8,0
326,48984,0.996498167514801,89.69763352872016,2,24365,40747,1,9,9,0
327,49102,1.066846251487732,90.4190985543203,5,47339,18240,1,1,1,0
328,49315,1.1691755056381226,73.99264413822075,3,43880,22392,1,4,4,0
329,49397,1.1248195171356201,84.37124635555003,1,29313,33642,1,5,4,1
330,49558,0.9630821347236633,94.2733381455631,3,39175,39175,1,8,8,0
331,49774,1.1123907566070557,85.15645330348832,3,22249,33336,1,2,2,0
332,49858,1.100763201713562,84.21829535239655,4,32704,49397,2,9,8,1
333,50091,1.122910499572754,64.76989164693056,1,21484,40120,1,5,5,0
334,50141,1.042795181274414,83.39688916841801,4,43800,24365,1,4,4,0
335,50313,1.045005440711975,81.85061410089006,5,31664,19974,1,7,7,0
336,50473,1.0937963724136353,72.22143018262678,2,41418,46623,1,2,2,0
337,50684,1.0287445783615112,70.62112105374538,3,27551,43880,4,10,9,1
338,50840,1.1549522876739502,56.595409139921244,5,21663,21392,2,6,5,1
339,50855,0.9563610553741455,70.4485189936448,4,47426,19685,2,7,5,2
340,51048,0.9858404397964478,85.21730905279696,4,33336,50063,2,7,6,1
341,51282,0.9180188775062561,82.19772340642523,1,41814,43982,1,5,5,0
342,51329,1.190794825553894,64.1864929119798,3,37025,38729,1,5,4,1
343,51508,1.274717092514038,69.49889292901942,4,21682,43880,1,8,8,0
344,51745,0.9037981629371643,70.70086472367251,1,16327,27551,1,8,8,0
345,51782,1.095922589302063,58.3880343675939,2,35605,38340,1,5,4,1
346,51920,0.9268195629119873,89.8625189205193,2,49397,25555,1,7,7,0
347,52149,1.0282150506973267,59.25201155703871,5,20056,14878,1,6,6,0
348,52227,1.0795878171920776,92.14036280800148,1,45577,38959,1,7,6,1
349,52434,0.9943456649780273,71.09387361905507,1,47231,21958,1,5,5,0
350,52502,1.1452747583389282,57.4701255536969,1,22777,43542,1,4,4,0
351,52762,0.9727647304534912,84.38546526773548,5,50063,44382,1,6,4,2
352,52902,0.8126427531242371,58.505136763134566,1,41741,18690,1,5,4,1
353,52957,0.9757152199745178,65.9882888739487,1,32704,22392,1,4,4,0
354,53112,1.142568826675415,73.12210170385751,1,20914,43880,1,5,5,0
355,53323,0.9416870474815369,58.40904414140633,1,43847,32704,1,6,6,0
356,53477,1.0343639850616455,64.19291066103094,5,43542,27551,2,8,6,2
357,53681,1.057566523551941,73.13932551075605,5,38729,18240,1,7,6,1
358,53726,0.8008140325546265,58.383978092708254,1,39588,33606,1,6,6,0
359,53861,1.1270966529846191,72.0894596990448,5,53477,37457,1,4,4,0
360,54071,1.011146903038025,64.89537184217104,4,48456,41228,1,8,7,1
361,54197,1.1331415176391602,55.66389878902074,4,21652,51508,1,4,4,0
362,54443,0.8946493268013,69.55380874798934,1,47451,49315,1,7,7,0
363,54467,0.9750894904136658,60.69986329669206,2,53398,53681,1,4,4,0
364,54726,1.033913254737854,67.6110092424703,2,39858,38959,1,8,7,1
365,54794,0.8901567459106445,83.32072305513086,1,33336,36406,1,8,8,0
366,54955,0.9742279648780823,68.78297355689861,2,21392,43880,1,5,5,0
367,55136,1.0063685178756714,82.59715611637071,3,42416,22950,1,8,8,0
368,55239,0.9115909337997437,58.42739874413038,5,43542,40065,1,6,5,1
369,55442,1.0106735229492188,58.305520449479104,5,44097,38959,1,4,3,1
370,55591,1.1232821941375732,71.11503460745061,3,47451,53880,1,6,6,0
371,55709,0.8696504235267639,59.39272347529315,4,36408,43542,1,8,8,0
372,55944,0.8309726715087891,70.57590500624107,1,50840,53112,1,5,5,0
373,56052,0.9612382650375366,75.99732341262032,3,30606,14513,5,15,12,3
374,56125,0.7749478220939636,75.30806866421464,3,54920,49858,1,8,8,0
375,56312,0.9226071834564209,60.269215216602504,5,36344,55637,2,8,7,1
376,56549,0.948910117149353,74.03163932165486,2,51329,53861,1,4,4,0
377,56671,0.9900473952293396,62.01470949960179,1,40389,56405,1,5,5,0
378,56767,0.8036811351776123,75.23317767459224,2,43847,48955,4,12,9,3
379,56990,0.9079573750495911,63.10269809550298,2,27935,53681,1,5,5,0
380,57111,0.8404791355133057,61.22253290406879,5,26382,37211,1,5,5,0
381,57229,0.8552325367927551,64.17571023133011,4,38903,22392,1,8,7,1
382,57343,0.8608255386352539,86.39818527850532,3,36326,54647,1,6,6,0
383,57484,1.1128343343734741,55.82213878362667,1,44097,56549,1,6,6,0
384,57619,1.005699634552002,63.043166704827414,5,37457,56549,1,5,4,1
385,57830,1.1441168785095215,56.68203065684505,1,48237,54197,2,9,8,1
386,57909,0.8746213316917419,62.050597559982236,4,53628,31183,1,7,7,0
387,58174,0.9213058948516846,54.80051873461309,5,50091,56549,1,5,5,0
388,58242,0.9717240333557129,73.94641175387537,4,53861,55442,1,8,8,0
389,58470,1.140946388244629,72.81657520239688,2,57619,51508,1,9,9,0
390,58612,1.1268248558044434,61.73628937887255,4,21091,42416,1,8,8,0
391,58791,0.7706039547920227,78.77336663935509,2,21170,18240,1,5,5,0
392,58942,0.9489724636077881,65.87778919255904,2,21652,14878,1,8,7,1
393,59081,1.0028916597366333,55.64886442594212,5,53681,54726,1,4,4,0
394,59143,0.874030351638794,81.5542209909126,5,56277,57677,1,9,9,0
395,59376,1.068286657333374,62.83643326817482,5,55442,35409,1,4,4,0
396,59462,1.056914210319519,58.36816723755322,5,53112,58470,1,8,8,0
397,59591,0.7733497619628906,68.6772109763232,5,43847,34483,1,7,5,2
398,59789,0.8636242151260376,65.85260434589604,2,55136,21663,2,8,7,1
399,59954,0.7611905336380005,91.98004506912507,3,37572,32919,1,2,2,0
400,60065,0.8889369964599609,62.18456195396347,1,29948,56312,1,5,5,0
401,60294,0.7937949299812317,202.41363343374724,5,57740,16104,1,5,5,0
402,60341,1.018581509590149,62.03681313152481,4,59376,53880,1,8,7,1
403,60460,0.9199339747428894,55.16945747970917,3,51896,47451,1,4,3,1
404,60724,1.0598593950271606,60.103223064542384,1,41814,56549,1,5,5,0
405,60804,1.0032434463500977,58.261826095502876,1,43821,37457,2,8,8,0
406,61025,1.1591095924377441,56.71511603886512,5,57830,54726,2,8,7,1
407,61070,0.9088969230651855,80.74840352532546,5,60717,29084,1,8,8,0
408,61326,0.9099724292755127,74.43359442327679,5,56671,51782,1,5,5,0
409,61467,0.9093231558799744,69.26174721047951,2,29313,58242,1,6,5,1
410,61575,0.9458982348442078,72.0961531909877,5,54647,36326,2,8,7,1
411,61777,0.8192103505134583,71.70580233884343,5,20056,21578,2,6,4,2
412,61857,1.0152305364608765,69.55889017299346,3,33606,47451,1,5,5,0
413,61953,0.9249071478843689,60.33821038311802,3,58470,47426,2,9,8,1
414,62110,1.0493614673614502,56.627030398295425,1,54726,60341,1,8,7,1
415,62263,1.0438376665115356,56.44129805360437,1,61857,52502,1,6,6,0
416,62462,1.0139027833938599,74.10992237747867,5,37217,45277,1,5,5,0
417,62621,1.055471420288086,57.78542458084202,4,52502,57830,1,4,4,0
418,62765,0.8941404819488525,59.400550137283915,2,32704,34146,1,5,5,0
419,62926,0.8614519834518433,84.21304826595947,2,32704,42473,3,10,9,1
420,63103,1.0980905294418335,65.2306843229989,4,58540,62621,1,5,5,0
421,63206,0.9067547917366028,54.79204195717371,4,60717,19974,2,8,7,1
422,63355,0.9741119742393494,72.23942679518564,1,19974,52227,1,7,7,0
423,63534,1.004980206489563,66.62895124785281,3,37457,22777,1,4,4,0
424,63688,1.124433159828186,56.79911991358023,4,25992,58470,1,5,5,0
425,63752,1.022930383682251,78.69748643689888,5,37025,34483,2,9,8,1
426,64000,1.1138882637023926,58.33473284077959,5,27002,30020,1,6,6,0
427,64131,0.8654487729072571,72.4121236426868,2,45577,47426,1,9,9,0
428,64206,1.044608473777771,54.06093839475077,5,38959,51508,1,7,6,1
429,64398,1.0706844329833984,63.046785920328986,3,37572,57677,1,5,5,0
430,64548,0.8491792678833008,82.54481644422818,3,47231,27551,1,6,6,0
431,64710,0.9648942947387695,79.05115821088555,2,35605,44097,2,5,4,1
432,64801,1.0695546865463257,54.804234973166174,5,57677,53112,2,8,6,2
433,64955,1.0468169450759888,63.800427370017836,3,42416,50091,1,9,9,0
434,65160,1.0216089487075806,67.90717523313812,5,56498,63015,1,8,7,1
435,65318,1.0242201089859009,54.7550268060658,2,44097,61025,2,7,6,1
436,65437,0.8474960923194885,62.16979915133349,5,61483,27002,1,4,4,0
437,65614,0.8840299844741821,59.32452850680679,3,51329,19671,2,7,6,1
438,65747,0.9403817653656006,61.34008074436893,5,61909,57878,1,3,3,0
439,65998,1.2206358909606934,57.39881561751906,5,43542,38340,1,4,4,0
440,66021,1.1072942018508911,64.9448236015217,2,36408,53861,3,10,8,2
441,66177,1.0712300539016724,63.89157569845444,4,63103,63688,1,4,4,0
442,66424,0.9252918362617493,52.971970616375714,5,23176,41741,1,8,8,0
443,66492,1.2251741886138916,58.14198749788371,2,27964,21585,1,5,4,1
444,66711,1.1367435455322266,76.56490516038248,2,21682,64206,2,7,6,1
445,66841,0.9948276281356812,55.654741440021056,1,37457,34483,1,5,5,0
446,67005,1.2300441265106201,56.75432452369745,3,58470,57677,1,8,8,0
447,67133,0.8412769436836243,61.50475945101052,2,55442,58385,1,3,2,1
448,67223,0.9991798400878906,198.78098107150555,4,46623,46623,1,5,5,0
449,67444,1.0467312335968018,65.82676931880619,3,40389,58470,2,10,9,1
450,67506,1.1257699728012085,62.17234911598903,5,66816,66021,1,6,6,0
451,67800,0.9786275029182434,65.01623980404642,3,35409,58470,2,8,7,1
452,67905,1.027442455291748,54.69428537023329,5,66554,64801,1,8,8,0
453,68029,1.0978326797485352,62.97045658035542,3,54132,67607,1,5,5,0
454,68188,1.1080421209335327,55.608190373776424,5,64955,68029,1,5,5,0
455,68303,1.0971466302871704,62.17926139809195,5,62096,68188,1,7,7,0
456,68522,1.1340309381484985,62.89853721924082,3,43600,53628,2,9,9,0
457,68693,1.0234410762786865,63.37896107620558,2,57830,51329,1,6,6,0
458,68818,0.918584942817688,65.2540736257711,3,21682,66554,1,7,7,0
459,68961,1.1543445587158203,55.62314516878412,2,38340,68188,2,10,9,1
460,69116,1.005316138267517,75.21796787951685,3,68188,63688,1,8,8,0
461,69195,0.9066877961158752,53.552472501064855,2,27935,43982,1,6,6,0
462,69324,1.006399154663086,65.89140819106504,4,69149,39588,1,6,6,0
463,69586,0.9536702632904053,88.00108847102476,3,19671,64955,2,7,6,1
464,69667,0.9373074173927307,73.22615811947716,5,51508,57830,1,8,8,0
465,69772,0.9615013003349304,60.37479814126307,3,62263,63015,1,7,6,1
466,70044,1.1842221021652222,59.27365241542191,3,30975,59462,2,8,7,1
467,70103,1.2277121543884277,65.80024692599972,5,21585,58470,1,5,5,0
468,70348,1.1324695348739624,57.8359407942569,4,63688,65998,1,6,6,0
469,70480,1.056165337562561,54.7492176064158,2,44068,67607,2,8,7,1
470,70607,1.1776502132415771,70.42823416318733,4,38959,43880,2,8,7,1
471,70757,0.7466069459915161,91.2141196343237,5,43982,37457,1,9,9,0
472,70821,1.1954594850540161,57.38475289791444,2,54197,59081,1,6,5,1
473,70987,1.064947485923767,58.31298144512349,3,21682,26382,1,8,8,0
474,71237,0.9674665331840515,56.685391567279375,4,67563,27935,1,5,5,0
475,71296,0.9722378253936768,65.12141809190943,5,62263,67607,1,7,7,0
476,71430,0.969764769077301,64.06700029500504,5,43005,70821,1,5,5,0
477,71663,0.9805639982223511,59.6171176578103,3,52502,51329,1,5,5,0
478,71716,0.9629977941513062,56.609174331114716,4,47794,62621,1,5,3,2
479,71938,0.8581655025482178,176.4404767189783,3,54647,60724,1,6,6,0
480,72017,1.1229459047317505,60.15512438806071,5,60341,52227,1,4,3,1
481,72240,0.9234880208969116,75.25802966738524,2,32966,47451,1,3,3,0
482,72350,0.8585501313209534,124.27216821111976,3,32507,32966,1,8,7,1
483,72588,1.1212763786315918,56.60012609350705,3,47231,43982,1,8,8,0
484,72627,0.9217522144317627,62.50362378038615,5,55591,29313,1,6,6,0
485,72846,0.8140390515327454,86.49901415194165,3,66177,72460,1,8,8,0
486,72925,1.0202332735061646,53.650886053025964,3,41667,32704,2,10,9,1
487,73054,1.1667183637619019,69.5399863839834,2,70607,67005,1,8,8,0
488,73313,1.2893098592758179,73.74506173427577,5,70044,57619,5,13,10,3
489,73371,0.9788362383842468,87.19733815544357,3,57768,70348,1,5,5,0
490,73564,1.155369758605957,99.50315792713879,1,47524,23176,2,11,9,2
491,73778,1.2112655639648438,70.25953857797701,1,64000,43542,1,6,5,1
492,73843,1.3499629497528076,60.84972775019081,2,21682,62263,2,6,5,1
493,74009,1.260750412940979,55.69428288375262,1,54197,57484,1,6,5,1
494,74115,1.4498820304870605,58.10060675137835,4,21958,21652,1,9,9,0
495,74387,1.1361826658248901,58.5731401646327,5,34483,22950,1,6,6,0
496,74496,1.3568035364151,55.69540819866561,4,43880,27002,2,8,7,1
497,74575,1.3284926414489746,68.34948012080912,4,59081,67005,2,9,8,1
498,74814,1.2642289400100708,66.0743612465333,3,68376,51329,2,10,8,2
499,74906,1.118809700012207,76.28146234454172,5,36408,19671,1,6,5,1
